   9.6937599099783861E-006   60.823169473248200        56.228585604389693        8.2793750866142542E-003   6.5458539932547067E-003
   9.9999999999999974E-006   60.845721762822855        56.250876074039532        8.3782869883173624E-003   6.6241037012102549E-003
   1.0315914663521198E-005   60.868289774043276        56.273181987304149        8.4783925684895432E-003   6.7033203101202268E-003
   1.0641809534505169E-005   60.890873621586451        56.295503428159300        8.5797348309118986E-003   6.7834861879128216E-003
   1.0977999902340139E-005   60.913473407848706        56.317840470778080        8.6822941927425686E-003   6.8646370267775036E-003
   1.1324811016868494E-005   60.936089200899403        56.340193247095009        8.7861085372344782E-003   6.9467782972206108E-003
   1.1682578403052012E-005   60.958721138867851        56.362561823628866        8.8911960501282267E-003   7.0299142242699732E-003
   1.2051648185578034E-005   60.981369288294346        56.384946322401383        8.9975456367458427E-003   7.1140829416319936E-003
   1.2432377423720311E-005   61.004033743182418        56.407346856981889        9.1052061778165438E-003   7.1992646233614800E-003
   1.2825134456778604E-005   61.026714628492357        56.429763488307614        9.2141714871237651E-003   7.2854857651288860E-003
   1.3230299260431340E-005   61.049412012463165        56.452196348858983        9.3244635259111669E-003   7.3727697623326748E-003
   1.3648263814345734E-005   61.072126035927113        56.474645520773464        9.4361226550375207E-003   7.4611074989086451E-003
   1.4079432481401494E-005   61.094856791322023        56.497111111862445        9.5491201709856297E-003   7.5505422728003643E-003
   1.4524222398894634E-005   61.117604352765717        56.519593262064831        9.6635049405349189E-003   7.6410628764801364E-003
   1.4983063882099995E-005   61.140368855675320        56.542092033289265        9.7792876627579399E-003   7.7326840827738139E-003
   1.5456400840583022E-005   61.163150371042093        56.564607553889154        9.8964722505759193E-003   7.8254404966415208E-003
   1.5944691207663180E-005   61.185949026530082        56.587139926314300        1.0015113758524612E-002   7.9193168943123039E-003
   1.6448407383445014E-005   61.208764944551120        56.609689239713049        1.0135186085838027E-002   8.0143519909955333E-003
   1.6968036691845079E-005   61.231598194031456        56.632255645970133        1.0256725980594995E-002   8.1105562413367922E-003
   1.7504081852057041E-005   61.254448917574329        56.654839221613493        1.0379766038607059E-002   8.2079260955625778E-003
   1.8057061464911021E-005   61.277317201354400        56.677440089904721        1.0504291421990214E-002   8.3065072401241613E-003
   1.8627510514597921E-005   61.300203154230580        56.700058379518509        1.0630360452771170E-002   8.4062834214920380E-003
   1.9215980886243602E-005   61.323106922005877        56.722694167148262        1.0757965627782020E-002   8.5072839936691166E-003
   1.9823041899834347E-005   61.346028578713899        56.745347603167353        1.0887126783497467E-002   8.6095363880069435E-003
   2.0449280861009627E-005   61.368968268289947        56.768018786466925        1.1017892970309915E-002   8.7130285321708623E-003
   2.1095303629255229E-005   61.391926099767410        56.790707833383451        1.1150234502969153E-002   8.8178102517438035E-003
   2.1761735204046599E-005   61.414902160692840        56.813414898317816        1.1284209226024685E-002   8.9238710209133751E-003
   2.2449220329508983E-005   61.437896604580160        56.836140054717859        1.1419830645440443E-002   9.0312257133103018E-003
   2.3158424118179992E-005   61.460909517733505        56.858883441826016        1.1557102912980734E-002   9.1399167554132802E-003
   2.3890032694477601E-005   61.483941038848293        56.881645179866169        1.1696085568925029E-002   9.2499276100068799E-003
   2.4644753858496193E-005   61.506991306374530        56.904425375814462        1.1836753574949793E-002   9.3613048099996099E-003
   2.5423317770773152E-005   61.530060398167741        56.927224200832853        1.1979146967727224E-002   9.4740595997100246E-003
   2.6226477658687786E-005   61.553148467635133        56.950041742085503        1.2123304679696146E-002   9.5881840866291236E-003
   2.7055010545176848E-005   61.576255619445796        56.972878129975363        1.2269212482691529E-002   9.7037322415251676E-003
   2.7909718000471056E-005   61.599381981315865        56.995733507920178        1.2416940045927008E-002   9.8206899208645969E-003
   2.8791426917580043E-005   61.622527717917208        57.018607976783422        1.2566476458457031E-002   9.9390942462878624E-003
   2.9700990312276292E-005   61.645692909986053        57.041501712712588        1.2717838492957991E-002   1.0058976535528624E-002
   3.0639288148351211E-005   61.668877707013564        57.064414826865800        1.2871084928838719E-002   1.0180316174916012E-002
   3.1607228188942755E-005   61.692082234322584        57.087347442023798        1.3026193494860956E-002   1.0303168907737911E-002
   3.2605746874757519E-005   61.715306604378299        57.110299722285042        1.3183229575118777E-002   1.0427530404365946E-002
   3.3635810230037108E-005   61.738550995064884        57.133271763736140        1.3342205966658164E-002   1.0553421791580525E-002
   3.4698414797145618E-005   61.761815502596050        57.156263733135532        1.3503121970481827E-002   1.0680890252616324E-002
   3.5794588600681544E-005   61.785100272843991        57.179275767215948        1.3666047459254028E-002   1.0809913630768069E-002
   3.6925392142047949E-005   61.808405455901770        57.202307986118001        1.3830959945159945E-002   1.0940546203275954E-002
   3.8091919425442293E-005   61.831731152264503        57.225360573537706        1.3997907578677809E-002   1.1072799004672975E-002
   3.9295299016258750E-005   61.855077539700446        57.248433633828917        1.4166936753673861E-002   1.1206670048042268E-002
   4.0536695132927382E-005   61.878444736959146        57.271527322837073        1.4338027130693973E-002   1.1342222116411449E-002
   4.1817308773245406E-005   61.901832886010730        57.294641801792309        1.4511261585775280E-002   1.1479437189841313E-002
   4.3138378876291600E-005   61.925242163513545        57.317777192349524        1.4686618472649064E-002   1.1618360894576529E-002
   4.4501183521046965E-005   61.948672667866994        57.340933691311115        1.4864134906260054E-002   1.1759024218606813E-002
   4.5907041162881554E-005   61.972124570700522        57.364111420609163        1.5043871288197895E-002   1.1901404576134715E-002
   4.7357311909104116E-005   61.995598014730525        57.387310522442739        1.5225805388973458E-002   1.2045572112662165E-002
   4.8853398834807433E-005   62.019093137850561        57.410531175591316        1.5410015474694899E-002   1.2191517450825017E-002
   5.0396749340283945E-005   62.042610138388788        57.433773503547563        1.5596511724396130E-002   1.2339275348319068E-002
   5.1988856551323750E-005   62.066149122972384        57.457037706293001        1.5785288508763248E-002   1.2488896251239504E-002
   5.3631260763750086E-005   62.089710253490892        57.480323932063634        1.5976435655002289E-002   1.2640348105906444E-002
   5.5325550933589775E-005   62.113293693254519        57.503632317320751        1.6169922233592957E-002   1.2793698089950484E-002
   5.7073366214320778E-005   62.136899573868540        57.526963057946013        1.6365825112316056E-002   1.2948954238278996E-002
   5.8876397542682709E-005   62.160528103355063        57.550316284126801        1.6564178358875328E-002   1.3106133101534986E-002
   6.0736389274586411E-005   62.184179409969737        57.573692192821262        1.6764960291831200E-002   1.3265302460965151E-002
   6.2655140872703777E-005   62.207853651523671        57.597090960345078        1.6968265244567300E-002   1.3426428425700528E-002
   6.4634508647371013E-005   62.231551015027193        57.620512724047757        1.7174074883065406E-002   1.3589571283550912E-002
   6.6676407552490247E-005   62.255271631065199        57.643957694243483        1.7382443057484383E-002   1.3754759157902809E-002
   6.8782813038164984E-005   62.279015710092267        57.667426012826901        1.7593438936503246E-002   1.3921986900364334E-002
   7.0955762961864328E-005   62.302783406846068        57.690917867869913        1.7807019271280103E-002   1.4091334790314500E-002
   7.3197359559963059E-005   62.326574877062285        57.714433459916698        1.8023284639216573E-002   1.4262778240229741E-002
   7.5509771481565533E-005   62.350390328692306        57.737972932980924        1.8242235388142614E-002   1.4436365726993179E-002
   7.7895235886581683E-005   62.374229892302800        57.761536509457102        1.8463895556974592E-002   1.4612145963223883E-002
   8.0356060610083075E-005   62.398093769462939        57.785124349399588        1.8688354115720878E-002   1.4790096645336620E-002
   8.2894626395035420E-005   62.421982139234906        57.808736630868758        1.8915576099588084E-002   1.4970298660330473E-002
   8.5513389195565742E-005   62.445895159144754        57.832373573260625        1.9145655552442839E-002   1.5152747454700291E-002
   8.8214882552993041E-005   62.469833056840827        57.856035331396157        1.9378616009460864E-002   1.5337477513587598E-002
   9.1001720046922143E-005   62.493795975613402        57.879722137311191        1.9614452519695198E-002   1.5524556668702328E-002
   9.3876597823769526E-005   62.517784110938834        57.903434176083806        1.9853270567309261E-002   1.5713946959009129E-002
   9.6842297205170636E-005   62.541797666509126        57.927171621063849        2.0095047484273112E-002   1.5905734294264829E-002
   9.9901687378789784E-005   62.565836805573042        57.950934707880862        2.0339859741204995E-002   1.6099927363668769E-002
   1.0305772817413666E-004   62.589901771273915        57.974723605614685        2.0587763790691788E-002   1.6296551711457413E-002
   1.0631347292607582E-004   62.613992726055642        57.998538553090974        2.0838725862218792E-002   1.6495686647969559E-002
   1.0967207142879696E-004   62.638109857582954        58.022379762300361        2.1092863428861259E-002   1.6697291956459852E-002
   1.1313677298310710E-004   62.662253388511097        58.046247405031089        2.1350162250879410E-002   1.6901443639068064E-002
   1.1671092953999036E-004   62.686423487018033        58.070141727838276        2.1610689914883290E-002   1.7108174024497751E-002
   1.2039799894347741E-004   62.710620403880746        58.094062914128401        2.1874525229438304E-002   1.7317490391061147E-002
   1.2420154827596285E-004   62.734844327364364        58.118011203882816        2.2141624327353965E-002   1.7529488576907969E-002
   1.2812525730920412E-004   62.759095444375482        58.141986836158551        2.2412103976632312E-002   1.7744130513007824E-002
   1.3217292206434456E-004   62.783373997437955        58.165989990875943        2.2685971132032110E-002   1.7961482075015505E-002
   1.3634845848440168E-004   62.807680163047991        58.190020928582769        2.2963266574858036E-002   1.8181599560606457E-002
   1.4065590622277486E-004   62.832014195507398        58.214079852506202        2.3244101987741055E-002   1.8404472806263623E-002
   1.4509943255143858E-004   62.856376311087899        58.238167004702603        2.3528421771726947E-002   1.8630207441405811E-002
   1.4968333639259906E-004   62.880766701428030        58.262282650029476        2.3816344124458738E-002   1.8858773770153943E-002
   1.5441205247771891E-004   62.905185628486961        58.286426980564229        2.4107893547568711E-002   1.9090228800370351E-002
   1.5929015563793055E-004   62.929633280474114        58.310600269695129        2.4403095839735545E-002   1.9324645423104105E-002
   1.6432236522999019E-004   62.954109911538318        58.334802740642374        2.4702069631117173E-002   1.9561999876384382E-002
   1.6951354970205388E-004   62.978615764449444        58.359034634622823        2.5004775038967999E-002   1.9802401830212788E-002
   1.7486873130369475E-004   63.003151039816458        58.383296237251550        2.5311315069765368E-002   2.0045841494561553E-002
   1.8039309094471331E-004   63.027716017652907        58.407587757539808        2.5621747777139336E-002   2.0292363308898321E-002
   1.8609197320744816E-004   63.052310901054831        58.431909483687228        2.5936060823010438E-002   2.0542055063887329E-002
   1.9197089151743086E-004   63.076935941065329        58.456261663332342        2.6254402018938749E-002   2.0794882555386238E-002
   1.9803553347738989E-004   63.101591403419086        58.480644541120085        2.6576731702450118E-002   2.1050960792149735E-002
   2.0429176636976501E-004   63.126277501399670        58.505058422478150        2.6903149903510334E-002   2.1310294696639503E-002
   2.1074564283305057E-004   63.150994532997238        58.529503536465114        2.7233739362354015E-002   2.1572918268424730E-002
   2.1740340671746680E-004   63.175742723765325        58.553980186878995        2.7568469557627096E-002   2.1838938137283156E-002
   2.2427149912561791E-004   63.200522327260472        58.578488647754256        2.7907491626429127E-002   2.2108310114078732E-002
   2.3135656464398397E-004   63.225333633003885        58.603029170279612        2.8250789762818269E-002   2.2381145838006142E-002
   2.3866545777127644E-004   63.250176870413739        58.627602077990026        2.8598453278542227E-002   2.2657473356227177E-002
   2.4620524954987105E-004   63.275052355045538        58.652207621663059        2.8950580690850599E-002   2.2937317198387878E-002
   2.5398323440674109E-004   63.299960335999991        58.676846120998050        2.9307123556072030E-002   2.3220793960738201E-002
   2.6200693721050426E-004   63.324901068366813        58.701517876947662        2.9668246497051024E-002   2.3507857839105275E-002
   2.7028412055141144E-004   63.349874860338488        58.726223149938058        3.0033943058100077E-002   2.3798616466886965E-002
   2.7882279225132370E-004   63.374881956469814        58.750962280192667        3.0404295147340891E-002   2.4093116773696154E-002
   2.8763121311093553E-004   63.399922686515737        58.775735540816925        3.0779430132570042E-002   2.4391372571901826E-002
   2.9671790490174913E-004   63.424997327267747        58.800543267625798        3.1159284518387852E-002   2.4693518699538553E-002
   3.0609165861052423E-004   63.450106144347920        58.825385790102239        3.1544022694416154E-002   2.4999508433576425E-002
   3.1576154294418263E-004   63.475249469045067        58.850263385175829        3.1933667361160094E-002   2.5309441749547062E-002
   3.2573691310339728E-004   63.500427565745547        58.875176414202215        3.2328279782034057E-002   2.5623390203185450E-002
   3.3602741983334672E-004   63.525640780647393        58.900125175808022        3.2728016415567149E-002   2.5941355988205610E-002
   3.4664301876040154E-004   63.550889419244321        58.925110024998446        3.3132799042213369E-002   2.6263488589652665E-002
   3.5759398002376778E-004   63.576173759899291        58.950131319814474        3.3542797606957386E-002   2.6589735345597394E-002
   3.6889089821140930E-004   63.601494155328680        58.975189354856035        3.3958050107725159E-002   2.6920200709668676E-002
   3.8054470260985834E-004   63.626850888420897        59.000284511670010        3.4378608033622506E-002   2.7254966201728122E-002
   3.9256666777783483E-004   63.652244318728727        59.025417112747000        3.4804645222050783E-002   2.7594031297614560E-002
   4.0496842445390216E-004   63.677674779656456        59.050587531513813        3.5236087002545970E-002   2.7937554456936325E-002
   4.1776197080870833E-004   63.703142567719652        59.075796154040880        3.5673101067888582E-002   2.8285488883174725E-002
   4.3095968405270691E-004   63.728648059801721        59.101043299137459        3.6115747793525582E-002   2.8637942258198195E-002
   4.4457433241057827E-004   63.754191559980505        59.126329374547943        3.6564063935763835E-002   2.8995004684514363E-002
   4.5861908747394286E-004   63.779773442932949        59.151654730540429        3.7018236708208349E-002   2.9356673139220791E-002
   4.7310753694431590E-004   63.805394070443569        59.177019764144333        3.7478201650685342E-002   2.9723115991728045E-002
   4.8805369777862618E-004   63.831053761746432        59.202424890935426        3.7944130236035802E-002   3.0094294027479564E-002
   5.0347202975002735E-004   63.856752920802343        59.227870456255822        3.8416099401768912E-002   3.0470310472773078E-002
   5.1937744943710896E-004   63.882491876469089        59.253356895776399        3.8894124798062570E-002   3.0851271154087510E-002
   5.3578534465505080E-004   63.908271022548128        59.278884587673623        3.9378425371823914E-002   3.1237168506126525E-002
   5.5271158934267980E-004   63.934090749794393        59.304453954714035        3.9868931792140856E-002   3.1628182218042644E-002
   5.7017255891982533E-004   63.959951402566311        59.330065441690671        4.0365821935666471E-002   3.2024271453127862E-002
   5.8818514612984311E-004   63.985853412615825        59.355719423487308        4.0869184181511593E-002   3.2425555140120348E-002
   6.0676677738262085E-004   64.011797132392573        59.381416366671793        4.1379028531689253E-002   3.2832139693508879E-002
   6.2593542961388764E-004   64.037782974066729        59.407156678039478        4.1895579468790772E-002   3.3244016691563079E-002
   6.4570964767713453E-004   64.063811355631046        59.432940809071781        4.2418791950089338E-002   3.3661382292444614E-002
   6.6610856228496598E-004   64.089882650166402        59.458769234425809        4.2948839295744508E-002   3.4084194798185030E-002
   6.8715190851724992E-004   64.115997320737549        59.484642362924745        4.3485835457264116E-002   3.4512582255535378E-002
   7.0886004491396769E-004   64.142155749612286        59.510560696792226        4.4029769146547375E-002   3.4946658883028676E-002
   7.3125397317122889E-004   64.168358376868113        59.536524675817937        4.4580893339771978E-002   3.5386423825962361E-002
   7.5435535845952179E-004   64.194605652268592        59.562534788285575        4.5139161241518129E-002   3.5832075937642469E-002
   7.7818655038383719E-004   64.220897981471268        59.588591541846000        4.5704766596451223E-002   3.6283578788340369E-002
   8.0277060460595977E-004   64.247235861221185        59.614695381756896        4.6277814542374757E-002   3.6741074392876910E-002
   8.2813130514983993E-004   64.273619702035177        59.640846847404546        4.6858305040725072E-002   3.7204676285708532E-002
   8.5429318741161758E-004   64.300049971513758        59.667046410043660        4.7446498152956464E-002   3.7674384655260233E-002
   8.8128156189657704E-004   64.326527148864500        59.693294595553468        4.8042353563025018E-002   3.8150413486651845E-002
   9.0912253870597648E-004   64.353051674179042        59.719591943430210        4.8646082278647029E-002   3.8632729417390620E-002
   9.3784305279745938E-004   64.379624079381429        59.745938940430158        4.9257794249304633E-002   3.9121492713378149E-002
   9.6747089004347979E-004   64.406244806657213        59.772336167748627        4.9877492597858321E-002   3.9616809175299403E-002
   9.9803471411294311E-004   64.432914358609608        59.798784134082695        5.0505452348342091E-002   4.0118703347505384E-002
   1.0295640942020899E-003   64.459633247415255        59.825283413050613        5.1141634906931577E-002   4.0627391864056457E-002
   1.0620895336414260E-003   64.486401952481657        59.851834580346321        5.1786284807277212E-002   4.1142836955620661E-002
   1.0956424994063971E-003   64.513221044490990        59.878438169452330        5.2439493922364473E-002   4.1665229816627208E-002
   1.1302554525603468E-003   64.540091000452975        59.905094805857978        5.3101285653245490E-002   4.2194660485617951E-002
   1.1659618796592071E-003   64.567012364215557        59.931805037792145        5.3771949845286673E-002   4.2731171426896218E-002
   1.2027963251483144E-003   64.593985683318621        59.958569490666406        5.4451449295387901E-002   4.3274997348624909E-002
   1.2407944247826912E-003   64.621011481248274        59.985388776407120        5.5140041508648235E-002   4.3826092411006816E-002
   1.2799929401031104E-003   64.648090369593589        60.012263480758655        5.5837821247518099E-002   4.4384673744720271E-002
   1.3204297940013290E-003   64.675222860399401        60.039194274708812        5.6544833426153226E-002   4.4950815758942768E-002
   1.3621441074088585E-003   64.702409540893612        60.066181749737069        5.7261367148809111E-002   4.5524601782589172E-002
   1.4051762371448029E-003   64.729650993231417        60.093226587447717        5.7987393225276115E-002   4.6106250089473340E-002
   1.4495678149593614E-003   64.756947788676982        60.120329437390929        5.8723215298144379E-002   4.6695730453836085E-002
   1.4953617878107649E-003   64.784300581000821        60.147490945704973        5.9468897301438443E-002   4.7293296113812167E-002
   1.5426024594146347E-003   64.811709925084259        60.174711831335863        6.0224518738682481E-002   4.7898984225131142E-002
   1.5913355331059296E-003   64.839176462670324        60.201992740151837        6.0990382178462428E-002   4.8512937740744701E-002
   1.6416081560549770E-003   64.866700817047317        60.229334419558725        6.1766460169369611E-002   4.9135361090787748E-002
   1.6934689648803536E-003   64.894283616738875        60.256737560884197        6.2553095000315501E-002   4.9766228659718206E-002
   1.7469681327027292E-003   64.921925560897861        60.284202878370550        6.3350314388595355E-002   5.0405830619356481E-002
   1.8021574176852334E-003   64.949627249882624        60.311731137488884        6.4158254936942077E-002   5.1054171351603027E-002
   1.8590902131072598E-003   64.977389381285320        60.339323043469733        6.4977197658654215E-002   5.1711456421185603E-002
   1.9178215990201916E-003   65.005212618816046        60.366979407871931        6.5807155251667596E-002   5.2377855515087737E-002
   1.9784083955350072E-003   65.033097652974405        60.394700965955366        6.6648486283586217E-002   5.3053382936355684E-002
   2.0409092177933030E-003   65.061045226870220        60.422488508874025        6.7501185509067113E-002   5.3738342909127094E-002
   2.1053845326749494E-003   65.089055994358574        60.450342850517750        6.8365459685461330E-002   5.4432729100332214E-002
   2.1718967172972242E-003   65.117130715054401        60.478264771800539        6.9241585339728559E-002   5.5136811901615047E-002
   2.2405101193619971E-003   65.145270097831357        60.506255153467791        7.0129584329186340E-002   5.5850702422203732E-002
   2.3112911194094060E-003   65.173474903899475        60.534314784341070        7.1029844835931777E-002   5.6574489387223578E-002
   2.3843081950381821E-003   65.201745921928534        60.562444540664643        7.1942340101056157E-002   5.7308463901495618E-002
   2.4596319871548126E-003   65.230083871363135        60.590645287075624        7.2867359433344589E-002   5.8052629785592925E-002
   2.5373353683156119E-003   65.258489579861163        60.618917894591746        7.3805135509238812E-002   5.8807317432821984E-002
   2.6174935132277960E-003   65.286963808579415        60.647263308360806        7.4755734155454515E-002   5.9572567115166189E-002
   2.7001839714778245E-003   65.315507398214478        60.675682382996925        7.5719578250666664E-002   6.0348553206258905E-002
   2.7854867425572997E-003   65.344121182258519        60.704176082433257        7.6696602419350474E-002   6.1135550542453398E-002
   2.8734843532590725E-003   65.372805953393012        60.732745324820272        7.7687174270522394E-002   6.1933585368796666E-002
   2.9642619375183994E-003   65.401562603441249        60.761391082218111        7.8691468738508644E-002   6.2743032161203388E-002
   3.0579073187763793E-003   65.430391951705261        60.790114355770321        7.9709653029539307E-002   6.3563876213754256E-002
   3.1545110949454049E-003   65.459294921765093        60.818916086575385        8.0742119231155304E-002   6.4396413397979205E-002
   3.2541667260587619E-003   65.488272394990048        60.847797327921270        8.1788823924315371E-002   6.5240828444472806E-002
   3.3569706246892326E-003   65.517325257061202        60.876759068410060        8.2850227989402669E-002   6.6097253320281851E-002
   3.4630222492241579E-003   65.546454467158284        60.905802396731126        8.3926401717858964E-002   6.6966060369548205E-002
   3.5724242000871654E-003   65.575660920179331        60.934928369235919        8.5017653293560744E-002   6.7847196005786495E-002
   3.6852823189997149E-003   65.604945628130395        60.964138034915159        8.6124315949314981E-002   6.8741068846340639E-002
   3.8017057913784574E-003   65.634309527128920        60.993432526561804        8.7246393963530733E-002   6.9647771428754682E-002
   3.9218072519674463E-003   65.663753607990898        61.022812923326399        8.8384399877479605E-002   7.0567577180421087E-002
   4.0457028938074759E-003   65.693278891713618        61.052280425825892        8.9538359812675730E-002   7.1500774557130983E-002
   4.1735125806478691E-003   65.722886364378553        61.081836148628540        9.0708705792057989E-002   7.2447385137650130E-002
   4.3053599629095515E-003   65.752577121652109        61.111481269956059        9.1895644024734893E-002   7.3407848840652684E-002
   4.4413725973115733E-003   65.782352166606387        61.141216995111193        9.3099347089328113E-002   7.4382221928599196E-002
   4.5816820702767654E-003   65.812212603710663        61.171044525075978        9.4320293044791767E-002   7.5370929706985279E-002
   4.7264241252360254E-003   65.842159513655162        61.200965158844483        9.5558516831301926E-002   7.6374090796607799E-002
   4.8757387939542679E-003   65.872193993790773        61.230980097397136        9.6814552598630338E-002   7.7391921526486301E-002
   5.0297705320051954E-003   65.902317215852477        61.261090660795205        9.8088488300144133E-002   7.8424811116345583E-002
   5.1886683585259221E-003   65.932530280974504        61.291298131037067        9.9380721648116066E-002   7.9472853767727378E-002
   5.3525860003865991E-003   65.962834414296410        61.321603859543018       0.10069161426853226        8.0536547655710750E-002
   5.5216820409146406E-003   65.993230764506436        61.352009221398319       0.10202127381233304        8.1615897928044426E-002
   5.6961200733173008E-003   66.023720557586131        61.382515547289501       0.10337029489177475        8.2711345366909939E-002
   5.8760688589511341E-003   66.054305034018370        61.413124282634286       0.10473869221040977        8.3823113476127351E-002
   6.0617024905914290E-003   66.084985420372831        61.443836804736911       0.10612707538895004        8.4951468589329407E-002
   6.2532005608595094E-003   66.115763044156381        61.474654619259944       0.10753560479409849        8.6096851526045209E-002
   6.4507483359709551E-003   66.146639140917117        61.505579174034722       0.10896460923535502        8.7259326214266270E-002
   6.6545369349727754E-003   66.177615070953124        61.536611977172491       0.11041461647593401        8.8439452592036144E-002
   6.8647635146429015E-003   66.208692150086947        61.567754572182260       0.11188573396546428        8.9637293672869350E-002
   7.0816314602310032E-003   66.239871762297710        61.599008483578245       0.11337864499700795        9.0853392167106958E-002
   7.3053505822250056E-003   66.271155318792978        61.630375349510622       0.11489337892276864        9.2087946274310009E-002
   7.5361373193337999E-003   66.302544184813868        61.661856733073208       0.11643054783912268        9.3341308658722616E-002
   7.7742149478824893E-003   66.334039847388681        61.693454332889743       0.11799044139794075        9.4613934815563530E-002
   8.0198137978226610E-003   66.365643728554005        61.725169778629684       0.11957345950113180        9.5905953892741286E-002
   8.2731714755668422E-003   66.397357382043836        61.757004785336640       0.12118019699010847        9.7217981673450471E-002
   8.5345330938625310E-003   66.429182294157542        61.788961087543790       0.12281070646196714        9.8550134343753024E-002
   8.8041515089283366E-003   66.461119998664032        61.821040436339693       0.12446573772508471        9.9903054233956012E-002
   9.0822875650816114E-003   66.493172083177598        61.853244671221887       0.12614545910636132       0.10127688252015551     
   9.3692103470941566E-003   66.525340122247385        61.885575555960841       0.12785058741084432       0.10267211518935927     
   9.6651974405203168E-003   66.557625809354619        61.918034997733294       0.12958140138246521       0.10408918845616102     
   9.9705352002491098E-003   66.590030735327190        61.950624846535000       0.13133829788750803       0.10552843023795246     
   1.0285519027540399E-002   66.622556624785275        61.983347086916602       0.13312197424240671       0.10699047032055041     
   1.0610453655813031E-002   66.655205164257325        62.016203654302942       0.13493263154544191       0.10847540443503559     
   1.0945653445461377E-002   66.687978128445494        62.049196538380208       0.13677113312309014       0.10998398736285231     
   1.1291442687985626E-002   66.720877311405388        62.082327784299338       0.13863758292068520       0.11151640696940270     
   1.1648155919730015E-002   66.753904486979238        62.115599443440104       0.14053280018342629       0.11307340585547895     
   1.2016138245532403E-002   66.787061543296971        62.149013678548002       0.14245710545316792       0.11465523421847088     
   1.2395745672598562E-002   66.820350304215921        62.182572570946697       0.14441112992273014       0.11626245211679123     
   1.2787345454923896E-002   66.853772743503228        62.216278353827953       0.14639553416274967       0.11789559282710094     
   1.3191316448596047E-002   66.887330757409345        62.250133195863249       0.14841060454337518       0.11955503382305566     
   1.3608049478322035E-002   66.921026357329737        62.284139408822853       0.15045727828997257       0.12124155343547474     
   1.4037947715534418E-002   66.954861542533123        62.318299268521621       0.15253574334640657       0.12295537867487950     
   1.4481427068442543E-002   66.988838351951301        62.352615137338823       0.15464698437642174       0.12469738193185770     
   1.4938916584405925E-002   67.022958904179873        62.387089403336759       0.15679130312002706       0.12646776481173261     
   1.5410858865019299E-002   67.057225291138437        62.421724470091050       0.15896964513870124       0.12826743355236198     
   1.5897710494310824E-002   67.091639742326095        62.456522845536810       0.16118241754586865       0.13009671926410729     
   1.6399942480467576E-002   67.126204392616643        62.491487013303718       0.16343029644748530       0.13195646172236830     
   1.6918040711515970E-002   67.160921532524711        62.526619601308852       0.16571415677324974       0.13384709880266024     
   1.7452506425397623E-002   67.195793410201347        62.561923146698994       0.16803442145079275       0.13576929119011438     
   1.8003856694895716E-002   67.230822400553393        62.597400352465279       0.17039221990039086       0.13772377679011372     
   1.8572624927880903E-002   67.266010859081646        62.633053872545744       0.17278773205656689       0.13971109959660710     
   1.9159361383360590E-002   67.301361172504144        62.668886518473023       0.17522217437393925       0.14173215693792721     
   1.9764633703831122E-002   67.336875814069202        62.704901053761041       0.17769594223846594       0.14378734868029219     
   2.0389027464447672E-002   67.372557253162014        62.741100345858712       0.18021019374527422       0.14587770710859368     
   2.1033146739543221E-002   67.408408096719612        62.777487283270403       0.18276543362249092       0.14800363448480469     
   2.1697614687044692E-002   67.444430869299580        62.814064821755842       0.18536259908648017       0.15016627367285190     
   2.2383074151351719E-002   67.480628264156749        62.850835987971870       0.18800259521115931       0.15236603511779115     
   2.3090188285261142E-002   67.517002907667461        62.887803823285481       0.19068610072085160       0.15460406157352813     
   2.3819641191539086E-002   67.553557585667278        62.924971481023263       0.19341432228069341       0.15688082732915529     
   2.4572138584761153E-002   67.590295049506409        62.962342074496348       0.19618776945415642       0.15919744046363446     
   2.5348408474061251E-002   67.627218162607249        62.999918877396020       0.19900786162507667       0.16155455475344349     
   2.6149201867449338E-002   67.664329798628430        63.037705125735386       0.20187496728110635       0.16395325232775382     
   2.6975293498379658E-002   67.701632871471645        63.075704233388841       0.20479059691175178       0.16639432314422403     
   2.7827482575272268E-002   67.739130390548311        63.113919528412268       0.20775531724262497       0.16887868316920446     
   2.8706593554713174E-002   67.776825376377630        63.152354524510123       0.21077061471217670       0.17140735783743574     
   2.9613476939080865E-002   67.814720982108753        63.191012685087031       0.21383713743977165       0.17398123292660114     
   3.0549010099371107E-002   67.852820290294190        63.229897661509860       0.21695617080379653       0.17660150760067975     
   3.1514098124015961E-002   67.891126561976051        63.269013050629624       0.22012876196175754       0.17926896966370218     
   3.2509674694518209E-002   67.929643008979127        63.308362618258315       0.22335610531464337       0.18198495394046560     
   3.3536702988748432E-002   67.968373035392545        63.347950087866266       0.22663943994640523       0.18475021191347543     
   3.4596176612778501E-002   68.007319967472768        63.387779334542799       0.22997974729040555       0.18756621721291689     
   3.5689120562153093E-002   68.046487305515811        63.427854235788196       0.23337856181680111       0.19043380812884894     
   3.6816592213529092E-002   68.085878505069587        63.468178817331435       0.23683674047388908       0.19335453327803145     
   3.7979682347642499E-002   68.125497173163637        63.508757093563041       0.24035608154428012       0.19632915847211579     
   3.9179516204592237E-002   68.165346918714874        63.549593192870084       0.24393737249898909       0.19935934930160981     
   4.0417254572461932E-002   68.205431475084723        63.590691278754043       0.24758259503131738       0.20244598841684164     
   4.1694094910332935E-002   68.245754591192565        63.632055641382301       0.25129248061396042       0.20559088318706159     
   4.3011272506774792E-002   68.286320085495191        63.673690604746547       0.25506904067406216       0.20879488794354187     
   4.4370061674934416E-002   68.327131861209679        63.715600602079157       0.25891327247087464       0.21205988643960330     
   4.5771776985379570E-002   68.368193891989790        63.757790097755247       0.26282729050937192       0.21538676951659147     
   4.7217774537889931E-002   68.409510246447624        63.800263657229763       0.26681202116168007       0.21877751111973659     
   4.8709453273425643E-002   68.451085004031668        63.843025906697633       0.27086961121879694       0.22223318971832567     
   5.0248256327543213E-002   68.492922376430784        63.886081600452769       0.27500118230309362       0.22575586554755625     
   5.1835672426567468E-002   68.535026581126502        63.929435517220888       0.27920895741863327       0.22934655432865234     
   5.3473237327870862E-002   68.577401995335578        63.973092545421657       0.28349415448117671       0.23300740671620696     
   5.5162535305653224E-002   68.620052993372653        64.017057616275736       0.28785911322131480       0.23673964279364471     
   5.6905200683659375E-002   68.662984113877570        64.061335808599424       0.29230510225819917       0.24054549998407482     
   5.8702919416317806E-002   68.706199853318424        64.105932229323301       0.29683445363162447       0.24442633523902615     
   6.0557430719829594E-002   68.749704899762236        64.150852148351760       0.30144870301665422       0.24838439151881128     
   6.2470528754785926E-002   68.793503937159684        64.196100819890887       0.30615032222907640       0.25242110590534678     
   6.4444064361941861E-002   68.837601841538401        64.241683671622738       0.31094092238824916       0.25653881146608359     
   6.6479946852825975E-002   68.882003447600312        64.287606136981282       0.31582298347316778       0.26073925342960053     
   6.8580145856917726E-002   68.926713784887539        64.333873865115194       0.32079819686203337       0.26502471455964199     
   7.0746693227179983E-002   68.971737852552522        64.380492458434247       0.32586926855806503       0.26939708783454475     
   7.2981685005790192E-002   69.017080855180623        64.427467739021409       0.33103805904437061       0.27385866708772527     
   7.5287283451971609E-002   69.062747992072445        64.474805481708955       0.33630740944359272       0.27841169452634978     
   7.7665719133887048E-002   69.108744650566010        64.522511698904410       0.34167915411337257       0.28305835581028715     
   8.0119293086618415E-002   69.155076181916641        64.570592390411505       0.34715626656296239       0.28780134961647752     
   8.2650379038319954E-002   69.201748131499656        64.619053771900269       0.35274078849839852       0.29264267399962013     
   8.5261425706698965E-002   69.248766067450305        64.667902035201593       0.35843598336740534       0.29758530225276647     
   8.7954959168045882E-002   69.296135735257096        64.717143553088391       0.36424390069041579       0.30263127492030018     
   9.0733585301105243E-002   69.343862907908033        64.766784752378584       0.37016800856516813       0.30778387070048951     
   9.3599992308152288E-002   69.391953502739142        64.816832191136939       0.37621038237664089       0.31304524653431948     
   9.6556953315713970E-002   69.440413482584432        64.867292555364457       0.38237465657578823       0.31841881399524008     
   9.9607329057450525E-002   69.489248948322654        64.918172567080447       0.38866324543240754       0.32390686318719508     
  0.10275407064179347        69.538466117075743        64.969479130543817       0.39507997683825169       0.32951286690152626     
  0.10600022240701699        69.588071277852848        65.021219157839155       0.40162722310999022       0.33523962309442251     
  0.10934892486650551        69.638070850891623        65.073399811566148       0.40830901582302243       0.34109040756163161     
  0.11280341774706616        69.688471298866318        65.126028237827043       0.41512801127149507       0.34706866339480413     
  0.11636704312322668        69.739279281564194        65.179111809257307       0.42208840815361509       0.35317725346600376     
  0.12004324865054974        69.790501478136775        65.232657901276383       0.42919333581970154       0.35942025403998479     
  0.12383559090109270        69.842144811146952        65.286674057241370       0.43644672371244936       0.36580058762620482     
  0.12774773880423948        69.894216153346363        65.341167953125094       0.44385226538354855       0.37232259294666448     
  0.13178347719623296        69.946722629769710        65.396147328531981       0.45141363536536899       0.37898949651350100     
  0.13594671048184306        69.999671348402885        65.451620142809418       0.45913536529247079       0.38580551016008779     
  0.14024146641171156        70.053069663294394        65.507594328505945       0.46702101335571505       0.39277458355136730     
  0.14467189997902904        70.106924957013064        65.564078067915815       0.47507556558703201       0.39990053011979870     
  0.14924229743931375        70.161244781215714        65.621079578310798       0.48330247040909274       0.40718822974887714     
  0.15395708045718087        70.216036766990811        65.678607258628631       0.49170712374734515       0.41464139053894850     
  0.15882081038411447        70.271308655857183        65.736669652507715       0.50029343276340776       0.42226518488003667     
  0.16383819267138061        70.327068394655214        65.795275333982104       0.50906687431029407       0.43006373976122481     
  0.16901408142235061        70.383323955825944        65.854433114559370       0.51803200886337719       0.43804191526027830     
  0.17435348408863924        70.440083571418214        65.914151817207539       0.52719387568462872       0.44620500808673275     
  0.17986156631460029        70.497355435000401        65.974440499078128       0.53655794994737815       0.45455752580339071     
  0.18554365693486752        70.555147997236872        66.035308326670162       0.54612906578489984       0.46310544014382460     
  0.19140525312977461        70.613469765895928        66.096764541321107       0.55591363014986028       0.47185345982225829     
  0.19745202574364279        70.672329422196185        66.158818612520250       0.56591643839623351       0.48080743462822267     
  0.20368982477108097        70.731735805499369        66.221480026735236       0.57614423003651494       0.48997329243557669     
  0.21012468501660569        70.791697789008154        66.284758513525986       0.58660226180276964       0.49935641490920418     
  0.21676283193305756        70.852224499812749        66.348663931114231       0.59729716231070107       0.50896360230911286     
  0.22361068764446088        70.913325082471488        66.413206204011360       0.60823553305440903       0.51880060725109634     
  0.23067487715915524        70.975008948792635        66.478395495307765       0.61942343199495586       0.52887385294022182     
  0.23796223477920800        71.037285594362345        66.544241992491024       0.63086854855841079       0.53919042283969632     
  0.24547981071231056        71.100164633722258        66.610756091950620       0.64257693583632380       0.54975663628615079     
  0.25323487789255317        71.163655885665676        66.677948382760619       0.65455645814576591       0.56058006543632044     
  0.26123493901667888        71.227769202439205        66.745829494292551       0.66681447027196294       0.57166793374724689     
  0.26948773380262236        71.292514723314170        66.814410301583720       0.67935818986191965       0.58302720186044421     
  0.27800124647735686        71.357902653611475        66.883701766713884       0.69219642824618499       0.59466641936000009     
  0.28678371350129361        71.423943355447861        66.953714975734201       0.70533635074259049       0.60659309964000141     
  0.29584363153670562        71.490647390363648        67.024461278979132       0.71878699789957390       0.61881538733359343     
  0.30518976566788636        71.558025362738377        67.095952090789226       0.73255693940359967       0.63134238993490377     
  0.31483115788099464        71.626088167093855        67.168198980751527       0.74665462272683869       0.64418209287742323     
  0.32477713581179096        71.694846796267271        67.241213729600901       0.76109015173600514       0.65734376356183377     
  0.33503732176972695        71.764312380388759        67.315008173366294       0.77587216363496736       0.67083708708024670     
  0.34562164204711948        71.834496286138858        67.389594371890780       0.79101067655437007       0.68467103283898256     
  0.35654033652241546        71.905409903388644        67.464984600200708       0.80651605110520785       0.69885590990901181     
  0.36780396856683673        71.977064882646800        67.541191184036165       0.82239783067683692       0.71340205828246017     
  0.37942343526399203        72.049473048373017        67.618226665213825       0.83866768249255230       0.72831931644651582     
  0.39140997795234006        72.122646311612016        67.696103770444594       0.85533623121456392       0.74361900129225833     
  0.40377519310070531        72.196596859204732        67.774835302099504       0.87241431767525079       0.75931246545866871     
  0.41653104352736681        72.271336948979453        67.854434299461701       0.88991454717880270       0.77541056887829374     
  0.42968986997357489        72.346879009469035        67.934914005285307       0.90784826004368158       0.79192561430733455     
  0.44326440304269177        72.423235749084213        68.016287721534255       0.92622803454500580       0.80887006916385462     
  0.45726777551650738        72.500419948546053        68.098568964281498       0.94506733798523690       0.82625593201312053     
  0.47171353506064573        72.578444588958817        68.181771466010815       0.96437833656990224       0.84409641747643760     
  0.48661565733135348        72.657322868316896        68.265909050983765       0.98417512879983082       0.86240547225519448     
  0.50198855949635157        72.737068051253218        68.350995756565197        1.0044720482299954       0.88119638509695408     
  0.51784711418282958        72.817693661241350        68.437045856901705        1.0252828559702074       0.90048328603431238     
  0.53420666386607862        72.899213451220277        68.524073711837332        1.0466230845073159       0.92028158735740795     
  0.55108303571268191        72.981641253702321        68.612093836582432        1.0685082008600022       0.94060592714772961     
  0.56849255689262301        73.064991146187964        68.701120988684764        1.0909532329444991       0.96147156890982699     
  0.58645207037512681        73.149277401316397        68.791170089562854        1.1139751302521927       0.98289545273296264     
  0.60497895122351353        73.234514384650737        68.882256193616811        1.1375909376920290        1.0048941100535769     
  0.62409112340483175        73.320716727089930        68.974394590756702        1.1618173019747999        1.0274841333900127     
  0.64380707713053209        73.407899289843229        69.067600777475633        1.1866726950488879        1.0506834762306998     
  0.66414588674495767        73.496077017938859        69.161890348251930        1.2121757706234069        1.0745107736401487     
  0.68512722917895974        73.585265088803396        69.257279097874914        1.2383447535869576        1.0989844820738153     
  0.70677140298648777        73.675478916178548        69.353783064364151        1.2651995917277798        1.1241236600115221     
  0.72909934798257581        73.766734027013158        69.451418460378747        1.2927611529829635        1.1499489823619213     
  0.75213266550171964        73.859046182108671        69.550201628840213        1.3210495994536156        1.1764810422928993     
  0.77589363929624733        73.952431413917637        69.650149127407246        1.3500863481956507        1.2037406780445599     
  0.80040525709489829        74.046905881255995        69.751277731622366        1.3798944920471767        1.2317496513177646     
  0.82569123284247148        74.142485896365159        69.853604371847069        1.4104961939177925        1.2605313739989574     
  0.85177602964205457        74.239188034030306        69.957146145340673        1.4419144751189021        1.2901090035493703     
  0.87868488342203366        74.337029075688903        70.061920390627549        1.4741747829650005        1.3205062453889875     
  0.90644382735077689        74.436025943235222        70.167944675824799        1.5073020352625857        1.3517478727772418     
  0.93507971702261550        74.536195821145014        70.275236705404311        1.5413214865616121        1.3838601709890082     
  0.96462025643948501        74.637556141398164        70.383814338639795        1.5762598302584625        1.4168692148270126     
  0.99509402481336606        74.740124450215717        70.493695665366943        1.6121453527358356        1.4508019599283313     
   1.0265305042154529        74.843918505132990        70.604899013372815        1.6490059439881979        1.4856864133944108     
   1.0589601080987996        74.948956338529499        70.717442884826184        1.6868703852024938        1.5215522884309487     
   1.0924142107220398        75.055256204063511        70.831345958304141        1.7257695403223188        1.5584293872692703     
   1.1269251775026425        75.162836497121617        70.946627133936744        1.7657346173352879        1.5963481713938836     
   1.1625263963290737        75.271715845859788        71.063305528974126        1.8067972936679806        1.6353401543849315     
   1.1992523098621544        75.381913127851263        71.181400457395171        1.8489900936315935        1.6754387605878043     
   1.2371384488568664        75.493447416315121        71.300931391109501        1.8923480695160473        1.7166778647548522     
   1.2762214665368417        75.606337953041290        71.421918020107171        1.9369065062447439        1.7590922390463037     
   1.3165391740547929        75.720604240137561        71.544380263292581        1.9827010957975921        1.8027175927037893     
   1.3581305770731924        75.836266044651879        71.668338265455745        2.0297690192763387        1.8475909538661321     
   1.4010359135005850        75.953343335665664        71.793812347993409        2.0781496645839135        1.8937513443253589     
   1.4452966924200499        76.071856228176813        71.920823001006426        2.1278827570802794        1.9412380968467831     
   1.4909557342474677        76.191825083578493        72.049390943248540        2.1790089252270275        1.9900917432099201     
   1.5380572121584464        76.313270526189243        72.179537129222666        2.2315701130651266        2.0403541809502093     
   1.5866466948239848        76.436213408577970        72.311282741676322        2.2856108273872890        2.0920687158683093     
   1.6367711904962186        76.560674761503307        72.444649148388848        2.3411763029651511        2.1452808356054027     
   1.6884791924868985        76.686675867617723        72.579657912818391        2.3983126026523149        2.2000364640806263     
   1.7418207260826026        76.814238258498804        72.716330817173784        2.4570672995773375        2.2563829653074130     
   1.7968473969420657        76.943383697798751        72.854689857774531        2.5174897664991613        2.3143692415507768     
   1.8536124410224546        77.074134139238481        72.994757251270059        2.5796317935984368        2.3740458114992875     
   1.9121707760828859        77.206511755813310        73.136555423417718        2.6435457730369825        2.4354654853941677     
   1.9725790548150148        77.340538974332645        73.280106987508162        2.7092855659836741        2.4986823092803805     
   2.0348957196520994        77.476238476551202        73.425434784927475        2.7769067743568012        2.5637516333989403     
   2.0991810593095610        77.613633181870213        73.572561889301610        2.8464674777186998        2.6307307879286603     
   2.1654972671117454        77.752746185469320        73.721511603164188        2.9180278051642525        2.6996787545452201     
   2.2339085011613133        77.893600814910698        73.872307450243326        2.9916485314802137        2.7706564454553373     
   2.3044809464094649        78.036220655153741        74.024973142642494        3.0673929383647889        2.8437272640278453     
   2.3772828786870606        78.180629552556283        74.179532587116199        3.1453260223058677        2.9189563335794242     
   2.4523847307585727        78.326851596882051        74.336009916227439        3.2255154568606850        2.9964104030268119     
   2.5298591604627845        78.474911078632672        74.494429492723839        3.3080312687922020        3.0761584392960004     
   2.6097811210061459        78.624832532652519        74.654815909867821        3.3929450170568898        3.1582717266595082     
   2.6922279334768087        78.776640734855107        74.817193989061764        3.4803301838047536        3.2428236036406504     
   2.7772793616494775        78.930360697111240        74.981588768166787        3.5702625814963711        3.3298904478359508     
   2.8650176891534636        79.086017677179314        75.148025482183485        3.6628210368349752        3.4195507102084215     
   2.9555277990785824        79.243637151334795        75.316529577897981        3.7580875072308930        3.5118849030966066     
   3.0488972560959282        79.403244822975751        75.487126725214381        3.8561454957664982        3.6069762677816959     
   3.1452163911729523        79.564866652315018        75.659842822496785        3.9570810827267113        3.7049106068499467     
   3.2445783889648281        79.728528856244935        75.834703994360737        4.0609832332961648        3.8057764805124599     
   3.3470793779666246        79.894257904619138        76.011736588631621        4.1679433948018083        3.9096652255495137     
   3.4528185235135305        80.062080509029244        76.190967171021754        4.2780565967066790        4.0166714765008171     
   3.5618981237190837        80.232023584835403        76.372422512522093        4.3914211138256833        4.1268929385099078     
   3.6744237084442330        80.404114273694333        76.556129605399818        4.5081376344819493        4.2404296442968521     
   3.7905041413929799        80.578379967707420        76.742115666274046        4.6283100282856102        4.3573854842324007     
   3.9102517254333660        80.754848311680206        76.930408129916870        4.7520452899626697        4.4778666369359712     
   4.0337823112457123        80.933547203141458        77.121034650081867        4.8794538096472779        4.6019837585247627     
   4.1612154094032059        81.114504789526620        77.314023104267704        5.0106499889507301        4.7298501775716728     
   4.2926743059932901        81.297749453463823        77.509401591790649        5.1457518142415859        4.8615832870790419     
   4.4282861818916848        81.483309796273716        77.707198430070392        5.2848811467681154        4.9973042426301237     
   4.5681822358044721        81.671214652966967        77.907442144262859        5.4281628795517447        5.1371382316517424     
   4.7124978111972400        81.861493101850698        78.110161477622668        5.5757263746817429        5.2812138076892285     
   4.8613725272341144        82.054174470020982        78.315385391453560        5.7277044861481050        5.4296639362227097     
   5.0149504138533505        82.249288330788573        78.523143065281857        5.8842348613815574        5.5826256285604305     
   5.1733800511101462        82.446864499153818        78.733463899102418        6.0454593351399062        5.7402400439937278     
   5.3368147129215204        82.646933026496654        78.946377510063272        6.2115242270673230        5.9026531074060422     
   5.5054125153522770        82.849524185633527        79.161913727741194        6.3825812623671396        6.0700152379728127     
   5.6793365695855673        83.054668486949126        79.380102596211245        6.5587860001499028        6.2424816093404853     
   5.8587551397259920        83.262396683488845        79.600974375371905        6.7402988270278748        6.4202123853687123     
   6.0438418055879524        83.472739763541327        79.824559532018100        6.9272856317423450        6.6033733351424360     
   6.2347756306267197        83.685728948563522        80.050888741420351        7.1199169651258325        6.7921345672444753     
   6.4317413351746779        83.901395697173186        80.279992891703429        7.3183691170497038        6.9866721569014620     
   6.6349294751503862        84.119771705298263        80.511903082947100        7.5228240822304571        7.1871673019732194     
   6.8445366264132863        84.340888901612885        80.746650626192547        7.7334697623133835        7.3938074012541533     
   7.0607655749424731        84.564779435850625        80.984267041539738        7.9504998481223659        7.6067851713020138     
   7.2838255130234719        84.791475684329299        81.224784056863371        8.1741145081829973        7.8262997781462893     
   7.5139322416328644        85.021010254949317        81.468233606022309        8.4045194511781922        8.0525567857381599     
   7.7513083792165149        85.253415983148813        81.714647826806114        8.6419271273197502        8.2857681683770323     
   7.9961835770634355        85.488725932837482        81.964059059763528        8.8865567784995054        8.5261523809386350     
   8.2487947414836054        85.726973396597060        82.216499844807515        9.1386344539354241        8.7739352076396706     
   8.5093862630047301        85.968191889456889        82.472002921080261        9.3983934736229884        9.0293495045670351     
   8.7782102528096306        86.212415144848350        82.730601222647010        9.6660745818455425        9.2926357664834374     
   9.0555267866430977        86.459677118726177        82.992327881714843        9.9419256144019901        9.5640414441059836     
   9.3416041564240491        86.710011985406084        83.257216227977835        10.226203709314833        9.8438223139742789     
   9.6367191298065435        86.963454127969356        83.525299786862249        10.519172859176672        10.132241695473832     
   9.9411572179406544        87.220038144482189        83.796612277514612        10.821105746043308        10.429571911240293     
   10.255212951692357        87.479798848108985        84.071187610735350        11.132283841446023        10.736093303418695     
   10.579190166589566        87.742771264949425        84.349059886817159        11.452996915283066        11.052095304552276     
   10.913402296770053        88.008990631738229        84.630263393319765        11.783544396675063        11.377876777968483     
   11.258172678215614        88.278492392691859        84.914832602781217        12.124234742324555        11.713745700899965     
   11.613834861565815        88.551312197420359        85.202802170306214        12.475386708416373        12.060020020577870     
   11.980732934814043        88.827485898071856        85.494206931068703        12.837328581095816        12.417027342726003     
   12.359221856197951        89.107049545939702        85.789081897727598        13.210399587880836        12.785106350363810     
   12.749667797606415        89.390039389848511        86.087462257609658        13.594948985632692        13.164605773521286     
   13.152448498835200        89.676491871233665        86.389383369886957        13.991337761897753        13.555885869371160     
   13.567953633034136        89.966443623370452        86.694880762439340        14.399938636475063        13.959318215145677     
   13.996585183699253        90.259931465449242        87.003990131394801        14.821135280876756        14.375286141294650     
   14.438757833574662        90.556992404988208        87.316747340754247        15.255323988337603        14.804185008169350     
   14.894899365840445        90.857663635716946        87.633188419765801        15.702913345883594        15.246422717561506     
   15.365451077974599        91.161982534431090        87.953349560149405        16.164324504540215        15.702420053627163     
   15.850868208689572        91.469986657780510        88.277267113244037        16.639992928706103        16.172610860562180     
   16.351620378356269        91.781713738972442        88.604977587093785        17.130366562526689        16.657443739793976     
   16.868192043341754        92.097201684393056        88.936517643461812        17.635908867222092        17.157379853403430     
   17.401082964700073        92.416488570139165        89.271924094775784        18.157096441142205        17.672896480681757     
   17.950808691669835        92.739612638457317        89.611233901000034        18.694422187272984        18.204485165839998     
   18.517901060446057        93.066612294080571        89.954484166434270        19.248394466265474        18.752653124731442     
   19.102908708709020        93.397526100458322        90.301712136436606        19.819537344103399        19.317923785099502     
   19.706397606407819        93.732392775862337        90.652955194071794        20.408390978087695        19.900837642687883     
   20.328951603312142        94.071251189364304        91.008250856688932        21.015513809413573        20.501950906311574     
   20.971172993862044        94.414140356646641        91.367636772450851        21.641481733756926        21.121838952872132     
   21.633683099862115        94.761099435650920        91.731150716894220        22.286887537223947        21.761094180382997     
   22.317122871583834        95.112167722418420        92.098830589731989        22.952344573747084        22.420329157074615     
   23.022153507857592        95.467384649735351        92.470714411770061        23.638484900312321        23.100174128165662     
   23.749457095754405        95.826789784342509        92.846840321288738        24.345960068645280        23.801279998431355     
   24.499737270476036        96.190422822745830        93.227246570347432        25.075442948170707        24.524319039060536     
   25.273719896092050        96.558323586949939        93.611971520882534        25.827627142850314        25.269984073140570     
   26.072153767782346        96.930532020152540        94.001053639089648        26.603228267251826        26.038989664130515     
   26.895811336264529        97.307088182479703        94.394531488341912        27.402984630433387        26.832073916379276     
   27.745489455107084        97.688032246586985        94.792443729704459        28.227658133603327        27.649997161547834     
   28.622010151651185        98.073404493133523        95.194829118947652        29.078035230071805        28.493544544237714     
   29.526221422287112        98.463245306193684        95.601726502351241        29.954925400807049        29.363525880968435     
   30.458998052854525        98.857595168597157        96.013174812509320        30.859165511499626        30.260776720427643     
   31.421242464960553        99.256494657200847        96.429213064098178        31.791619353009814        31.186158934871333     
   32.413885589034145        99.659984438092678        96.849880349519310        32.753175480515175        32.140561582823004     
   33.437887764961566        100.06810526172852        97.275215834585438        33.744753827546916        33.124902198545463     
   34.494239671174313        100.48089795800604        97.705258753957366        34.767299919293158        34.140126704313865     
   35.583963283088167        100.89840343127666        98.140048406863528        35.821792377141279        35.187212021723482     
   36.708112861820901        101.32066265531381        98.579624152109005        36.909239401880008        36.267165110125006     
   37.867775974144926        101.74771666825863        99.024025404305462        38.030680877774572        37.381025030583842     
   39.064074544661743        102.17960656768783        99.473291627469479        39.187189479892140        38.529864534667709     
   40.298165941216112        102.61637350643288        99.927462334014365        40.379872555265138        39.714788660752383     
   41.571244094600168        103.05805869839857        100.38657707230247        41.609873416404007        40.936938951164521     
   42.884540653630474        103.50470332710930        100.85067544125224        42.878366136223853        42.197493122371682     
   44.239326176715743        103.95634854682355        101.31979702533461        44.186573904864730        43.497664069034904     
   45.636911361067924        104.41303628237755        101.79398151138783        45.535743015777470        44.838706643990129     
   47.078648310745763        104.87480675663319        102.27326852182547        46.927170725384535        46.221910584909814     
   48.565931844757955        105.34170284069006        102.75769782243910        48.362192969347525        47.648613575759285     
   50.100200846490957        105.81376377080740        103.24730888876550        49.842180018464511        49.120184398591391     
   51.682939655767328        106.29103401370111        103.74214197353825        51.368566820156879        50.638058381497231     
   53.315679504881125        106.77355030651124        104.24223527533134        52.942790779779983        52.203654647971049     
